              precision    recall  f1-score   support

           0      0.849     0.731     0.786      1000
           1      0.933     0.876     0.904      1000
           2      0.683     0.719     0.701      1000
           3      0.644     0.591     0.616      1000
           4      0.662     0.844     0.742      1000
           5      0.629     0.823     0.713      1000
           6      0.866     0.792     0.827      1000
           7      0.963     0.597     0.737      1000
           8      0.761     0.940     0.841      1000
           9      0.935     0.819     0.873      1000

    accuracy                          0.773     10000
   macro avg      0.792     0.773     0.774     10000
weighted avg      0.792     0.773     0.774     10000
