              precision    recall  f1-score   support

           0      0.992     0.996     0.994       980
           1      0.992     1.000     0.996      1135
           2      0.989     0.996     0.993      1032
           3      0.990     0.997     0.994      1010
           4      0.980     0.998     0.989       982
           5      0.998     0.987     0.992       892
           6      0.997     0.987     0.992       958
           7      0.980     0.996     0.988      1028
           8      1.000     0.976     0.988       974
           9      0.992     0.972     0.982      1009

    accuracy                          0.991     10000
   macro avg      0.991     0.991     0.991     10000
weighted avg      0.991     0.991     0.991     10000
