              precision    recall  f1-score   support

           0      0.867     0.737     0.797      1000
           1      0.927     0.822     0.871      1000
           2      0.690     0.644     0.666      1000
           3      0.751     0.470     0.578      1000
           4      0.636     0.875     0.737      1000
           5      0.596     0.801     0.684      1000
           6      0.706     0.897     0.790      1000
           7      0.925     0.738     0.821      1000
           8      0.959     0.756     0.846      1000
           9      0.805     0.908     0.853      1000

    accuracy                          0.765     10000
   macro avg      0.786     0.765     0.764     10000
weighted avg      0.786     0.765     0.764     10000
