              precision    recall  f1-score   support

           0      0.791     0.846     0.818      1000
           1      0.916     0.887     0.901      1000
           2      0.821     0.612     0.701      1000
           3      0.566     0.689     0.621      1000
           4      0.837     0.667     0.742      1000
           5      0.935     0.462     0.618      1000
           6      0.568     0.955     0.713      1000
           7      0.846     0.830     0.838      1000
           8      0.799     0.940     0.864      1000
           9      0.935     0.815     0.871      1000

    accuracy                          0.770     10000
   macro avg      0.802     0.770     0.769     10000
weighted avg      0.802     0.770     0.769     10000
