              precision    recall  f1-score   support

           0      0.863     0.851     0.857      1000
           1      0.991     0.986     0.988      1000
           2      0.872     0.896     0.884      1000
           3      0.898     0.917     0.907      1000
           4      0.872     0.809     0.839      1000
           5      0.995     0.932     0.962      1000
           6      0.722     0.755     0.738      1000
           7      0.910     0.990     0.948      1000
           8      0.986     0.986     0.986      1000
           9      0.977     0.951     0.964      1000

    accuracy                          0.907     10000
   macro avg      0.909     0.907     0.908     10000
weighted avg      0.909     0.907     0.908     10000
