              precision    recall  f1-score   support

           0      0.704     0.834     0.763      1000
           1      0.922     0.867     0.894      1000
           2      0.648     0.730     0.687      1000
           3      0.598     0.590     0.594      1000
           4      0.735     0.759     0.747      1000
           5      0.831     0.570     0.676      1000
           6      0.803     0.838     0.820      1000
           7      0.773     0.880     0.823      1000
           8      0.826     0.881     0.853      1000
           9      0.945     0.753     0.838      1000

    accuracy                          0.770     10000
   macro avg      0.779     0.770     0.770     10000
weighted avg      0.779     0.770     0.770     10000
