              precision    recall  f1-score   support

           0      0.602     0.929     0.731      1000
           1      0.928     0.870     0.898      1000
           2      0.888     0.482     0.625      1000
           3      0.604     0.595     0.599      1000
           4      0.729     0.698     0.713      1000
           5      0.926     0.387     0.546      1000
           6      0.807     0.797     0.802      1000
           7      0.608     0.916     0.731      1000
           8      0.875     0.809     0.841      1000
           9      0.770     0.922     0.839      1000

    accuracy                          0.741     10000
   macro avg      0.774     0.740     0.732     10000
weighted avg      0.774     0.741     0.732     10000
