              precision    recall  f1-score   support

           0      0.993     0.989     0.991       980
           1      0.991     0.992     0.992      1135
           2      0.990     0.993     0.992      1032
           3      0.990     0.992     0.991      1010
           4      0.967     0.998     0.982       982
           5      0.995     0.976     0.986       892
           6      0.990     0.984     0.987       958
           7      0.987     0.994     0.991      1028
           8      0.989     0.991     0.990       974
           9      0.997     0.977     0.987      1009

    accuracy                          0.989     10000
   macro avg      0.989     0.989     0.989     10000
weighted avg      0.989     0.989     0.989     10000
