              precision    recall  f1-score   support

           0      0.928     0.818     0.870      1000
           1      0.998     0.986     0.992      1000
           2      0.920     0.878     0.899      1000
           3      0.907     0.963     0.934      1000
           4      0.859     0.917     0.887      1000
           5      0.955     0.997     0.976      1000
           6      0.765     0.799     0.782      1000
           7      0.966     0.952     0.959      1000
           8      0.989     0.991     0.990      1000
           9      0.984     0.956     0.970      1000

    accuracy                          0.926     10000
   macro avg      0.927     0.926     0.926     10000
weighted avg      0.927     0.926     0.926     10000
