              precision    recall  f1-score   support

           0      0.836     0.773     0.803      1000
           1      0.993     0.972     0.982      1000
           2      0.517     0.971     0.675      1000
           3      0.833     0.881     0.857      1000
           4      0.960     0.243     0.388      1000
           5      0.999     0.718     0.835      1000
           6      0.746     0.547     0.631      1000
           7      0.834     0.952     0.889      1000
           8      0.771     0.990     0.867      1000
           9      0.920     0.948     0.934      1000

    accuracy                          0.799     10000
   macro avg      0.841     0.800     0.786     10000
weighted avg      0.841     0.799     0.786     10000
