              precision    recall  f1-score   support

           0      0.913     0.800     0.853      1000
           1      0.966     0.881     0.922      1000
           2      0.767     0.775     0.771      1000
           3      0.634     0.802     0.708      1000
           4      0.828     0.854     0.841      1000
           5      0.897     0.650     0.754      1000
           6      0.826     0.914     0.868      1000
           7      0.910     0.878     0.894      1000
           8      0.889     0.938     0.913      1000
           9      0.877     0.924     0.900      1000

    accuracy                          0.842     10000
   macro avg      0.851     0.842     0.842     10000
weighted avg      0.851     0.842     0.842     10000
