              precision    recall  f1-score   support

           0      0.861     0.842     0.851      1000
           1      0.988     0.984     0.986      1000
           2      0.943     0.847     0.893      1000
           3      0.884     0.952     0.917      1000
           4      0.848     0.917     0.881      1000
           5      0.943     0.998     0.970      1000
           6      0.792     0.752     0.771      1000
           7      0.953     0.954     0.954      1000
           8      0.979     0.996     0.988      1000
           9      0.990     0.935     0.962      1000

    accuracy                          0.918     10000
   macro avg      0.918     0.918     0.917     10000
weighted avg      0.918     0.918     0.917     10000
