              precision    recall  f1-score   support

           0      0.914     0.998     0.954       980
           1      0.972     0.996     0.984      1135
           2      0.989     0.984     0.986      1032
           3      0.989     0.986     0.988      1010
           4      0.987     0.992     0.989       982
           5      0.992     0.985     0.989       892
           6      0.979     0.962     0.971       958
           7      0.960     0.996     0.978      1028
           8      1.000     0.878     0.935       974
           9      0.989     0.976     0.983      1009

    accuracy                          0.976     10000
   macro avg      0.977     0.975     0.976     10000
weighted avg      0.977     0.976     0.976     10000
