              precision    recall  f1-score   support

           0      0.997     0.965     0.981       980
           1      0.992     0.997     0.995      1135
           2      0.979     0.893     0.934      1032
           3      0.990     0.975     0.983      1010
           4      0.996     0.956     0.976       982
           5      0.875     0.984     0.927       892
           6      0.978     0.984     0.981       958
           7      0.987     0.966     0.976      1028
           8      0.978     0.997     0.987       974
           9      0.940     0.991     0.965      1009

    accuracy                          0.971     10000
   macro avg      0.971     0.971     0.970     10000
weighted avg      0.972     0.971     0.971     10000
