              precision    recall  f1-score   support

           0      0.804     0.641     0.713      1000
           1      0.788     0.920     0.849      1000
           2      0.645     0.713     0.677      1000
           3      0.746     0.429     0.545      1000
           4      0.829     0.680     0.747      1000
           5      0.672     0.767     0.716      1000
           6      0.757     0.856     0.803      1000
           7      0.915     0.689     0.786      1000
           8      0.763     0.889     0.821      1000
           9      0.690     0.927     0.791      1000

    accuracy                          0.751     10000
   macro avg      0.761     0.751     0.745     10000
weighted avg      0.761     0.751     0.745     10000
