              precision    recall  f1-score   support

           0      0.717     0.890     0.794      1000
           1      0.753     0.978     0.851      1000
           2      0.817     0.767     0.791      1000
           3      0.938     0.305     0.460      1000
           4      0.800     0.848     0.823      1000
           5      0.822     0.684     0.747      1000
           6      0.791     0.903     0.843      1000
           7      0.785     0.858     0.820      1000
           8      0.824     0.905     0.863      1000
           9      0.884     0.859     0.871      1000

    accuracy                          0.800     10000
   macro avg      0.813     0.800     0.786     10000
weighted avg      0.813     0.800     0.786     10000
