              precision    recall  f1-score   support

           0      0.800     0.810     0.805      1000
           1      0.892     0.911     0.902      1000
           2      0.621     0.811     0.704      1000
           3      0.799     0.445     0.572      1000
           4      0.728     0.825     0.774      1000
           5      0.827     0.590     0.689      1000
           6      0.697     0.879     0.777      1000
           7      0.803     0.846     0.824      1000
           8      0.827     0.937     0.879      1000
           9      0.931     0.755     0.834      1000

    accuracy                          0.781     10000
   macro avg      0.793     0.781     0.776     10000
weighted avg      0.793     0.781     0.776     10000
