              precision    recall  f1-score   support

           0      0.977     0.986     0.981       980
           1      0.994     0.583     0.735      1135
           2      0.892     0.959     0.924      1032
           3      0.959     0.992     0.975      1010
           4      0.982     0.975     0.978       982
           5      0.954     0.902     0.927       892
           6      0.955     0.934     0.945       958
           7      0.993     0.909     0.949      1028
           8      0.660     0.998     0.794       974
           9      0.951     0.961     0.956      1009

    accuracy                          0.915     10000
   macro avg      0.932     0.920     0.917     10000
weighted avg      0.933     0.915     0.914     10000
