              precision    recall  f1-score   support

           0      0.992     0.999     0.995       980
           1      0.992     0.996     0.994      1135
           2      0.999     0.994     0.997      1032
           3      0.994     0.997     0.996      1010
           4      0.998     0.982     0.990       982
           5      0.995     0.990     0.993       892
           6      0.992     0.996     0.994       958
           7      0.997     0.996     0.997      1028
           8      0.991     0.999     0.995       974
           9      0.989     0.989     0.989      1009

    accuracy                          0.994     10000
   macro avg      0.994     0.994     0.994     10000
weighted avg      0.994     0.994     0.994     10000
