              precision    recall  f1-score   support

           0      0.905     0.731     0.809      1000
           1      0.995     0.984     0.989      1000
           2      0.764     0.933     0.840      1000
           3      0.914     0.931     0.922      1000
           4      0.916     0.721     0.807      1000
           5      0.981     0.980     0.980      1000
           6      0.660     0.792     0.720      1000
           7      0.948     0.975     0.962      1000
           8      0.990     0.969     0.979      1000
           9      0.980     0.951     0.965      1000

    accuracy                          0.897     10000
   macro avg      0.905     0.897     0.897     10000
weighted avg      0.905     0.897     0.897     10000
