              precision    recall  f1-score   support

           0      0.990     0.998     0.994       980
           1      0.978     0.997     0.988      1135
           2      0.971     0.987     0.979      1032
           3      0.995     0.988     0.992      1010
           4      0.979     0.998     0.988       982
           5      0.988     0.974     0.981       892
           6      0.992     0.978     0.985       958
           7      0.998     0.970     0.984      1028
           8      0.982     0.997     0.989       974
           9      0.992     0.972     0.982      1009

    accuracy                          0.986     10000
   macro avg      0.986     0.986     0.986     10000
weighted avg      0.986     0.986     0.986     10000
