              precision    recall  f1-score   support

           0      0.858     0.819     0.838      1000
           1      0.972     0.877     0.922      1000
           2      0.785     0.770     0.777      1000
           3      0.683     0.706     0.695      1000
           4      0.738     0.902     0.812      1000
           5      0.883     0.606     0.719      1000
           6      0.828     0.907     0.865      1000
           7      0.876     0.863     0.870      1000
           8      0.819     0.953     0.881      1000
           9      0.910     0.887     0.898      1000

    accuracy                          0.829     10000
   macro avg      0.835     0.829     0.828     10000
weighted avg      0.835     0.829     0.828     10000
