              precision    recall  f1-score   support

           0      0.993     0.991     0.992       980
           1      0.997     0.995     0.996      1135
           2      0.985     0.974     0.980      1032
           3      0.997     0.991     0.994      1010
           4      0.995     0.997     0.996       982
           5      0.984     0.980     0.982       892
           6      0.968     0.991     0.979       958
           7      0.989     0.991     0.990      1028
           8      0.997     0.998     0.997       974
           9      0.994     0.994     0.994      1009

    accuracy                          0.990     10000
   macro avg      0.990     0.990     0.990     10000
weighted avg      0.990     0.990     0.990     10000
