              precision    recall  f1-score   support

           0      0.867     0.890     0.878      1000
           1      0.990     0.994     0.992      1000
           2      0.885     0.907     0.896      1000
           3      0.905     0.935     0.920      1000
           4      0.914     0.817     0.863      1000
           5      0.987     0.971     0.979      1000
           6      0.772     0.777     0.775      1000
           7      0.965     0.964     0.964      1000
           8      0.984     0.989     0.987      1000
           9      0.954     0.976     0.965      1000

    accuracy                          0.922     10000
   macro avg      0.922     0.922     0.922     10000
weighted avg      0.922     0.922     0.922     10000
