              precision    recall  f1-score   support

           0      0.839     0.807     0.823      1000
           1      0.965     0.881     0.921      1000
           2      0.911     0.621     0.738      1000
           3      0.589     0.758     0.663      1000
           4      0.759     0.875     0.813      1000
           5      0.630     0.837     0.719      1000
           6      0.920     0.805     0.859      1000
           7      0.951     0.774     0.853      1000
           8      0.854     0.909     0.880      1000
           9      0.934     0.860     0.895      1000

    accuracy                          0.813     10000
   macro avg      0.835     0.813     0.816     10000
weighted avg      0.835     0.813     0.816     10000
