              precision    recall  f1-score   support

           0      0.936     0.641     0.761      1000
           1      0.972     0.820     0.889      1000
           2      0.560     0.867     0.680      1000
           3      0.668     0.437     0.528      1000
           4      0.892     0.587     0.708      1000
           5      0.507     0.889     0.645      1000
           6      0.879     0.594     0.709      1000
           7      0.793     0.849     0.820      1000
           8      0.870     0.906     0.888      1000
           9      0.843     0.900     0.870      1000

    accuracy                          0.749     10000
   macro avg      0.792     0.749     0.750     10000
weighted avg      0.792     0.749     0.750     10000
