              precision    recall  f1-score   support

           0      0.825     0.753     0.787      1000
           1      0.964     0.989     0.976      1000
           2      0.864     0.846     0.855      1000
           3      0.947     0.718     0.817      1000
           4      0.882     0.840     0.861      1000
           5      1.000     0.107     0.193      1000
           6      0.633     0.786     0.701      1000
           7      0.601     0.708     0.650      1000
           8      0.632     0.985     0.770      1000
           9      0.766     0.986     0.862      1000

    accuracy                          0.772     10000
   macro avg      0.811     0.772     0.747     10000
weighted avg      0.811     0.772     0.747     10000
