              precision    recall  f1-score   support

           0      0.843     0.999     0.915       980
           1      0.990     0.992     0.991      1135
           2      0.983     0.978     0.981      1032
           3      0.997     0.956     0.976      1010
           4      1.000     0.814     0.897       982
           5      0.952     0.997     0.974       892
           6      0.978     0.971     0.974       958
           7      0.953     0.990     0.971      1028
           8      0.996     0.828     0.904       974
           9      0.870     0.988     0.925      1009

    accuracy                          0.952     10000
   macro avg      0.956     0.951     0.951     10000
weighted avg      0.957     0.952     0.952     10000
