              precision    recall  f1-score   support

           0      0.874     0.841     0.857      1000
           1      0.963     0.874     0.916      1000
           2      0.853     0.765     0.807      1000
           3      0.623     0.824     0.709      1000
           4      0.851     0.848     0.850      1000
           5      0.764     0.815     0.789      1000
           6      0.964     0.805     0.877      1000
           7      0.926     0.872     0.898      1000
           8      0.899     0.934     0.916      1000
           9      0.893     0.921     0.907      1000

    accuracy                          0.850     10000
   macro avg      0.861     0.850     0.853     10000
weighted avg      0.861     0.850     0.853     10000
