              precision    recall  f1-score   support

           0      0.814     0.851     0.832      1000
           1      0.926     0.916     0.921      1000
           2      0.808     0.733     0.769      1000
           3      0.571     0.841     0.680      1000
           4      0.856     0.806     0.830      1000
           5      0.862     0.681     0.761      1000
           6      0.815     0.910     0.860      1000
           7      0.916     0.808     0.859      1000
           8      0.965     0.798     0.874      1000
           9      0.897     0.922     0.909      1000

    accuracy                          0.827     10000
   macro avg      0.843     0.827     0.829     10000
weighted avg      0.843     0.827     0.829     10000
